16 16
16 16
923 924 833 988 896 314 47 184 349 692 320 648 931 24 52 179
370 394 230 761 691 410 961 166 503 687 692 335 884 51 677 170
490 711 485 145 104 593 704 616 133 450 481 0 852 965 243 994
830 197 658 959 206 6 715 464 906 871 506 106 350 566 755 948
29 908 67 876 658 555 919 318 971 773 621 558 112 311 642 753
291 502 299 55 656 768 904 652 902 711 654 567 495 249 540 114
565 795 161 11 413 360 172 274 640 596 123 204 495 974 936 815
864 629 689 168 639 322 847 890 974 799 250 503 695 862 714 587
833 197 257 191 714 328 159 356 20 704 902 552 507 795 799 894
605 907 428 617 11 219 384 689 936 808 540 898 119 92 172 872
674 249 833 488 232 708 792 251 398 352 467 28 210 540 814 820
675 279 716 531 957 404 731 218 548 417 70 775 959 788 490 129
567 631 43 477 360 443 199 304 471 948 699 718 460 676 85 314
642 698 353 238 149 52 160 230 443 154 751 128 198 261 228 638
169 104 333 544 49 174 956 211 342 372 774 983 66 56 396 680
481 195 436 802 514 267 320 362 429 91 558 915 541 983 930 495

544 203 985 967 508 931 319 20 988 121 236 686 164 538 747 877
809 578 427 559 76 777 609 609 417 845 69 137 19 354 820 987
859 544 110 835 968 445 601 203 561 698 926 661 913 833 354 451
418 735 391 812 277 543 412 618 264 344 459 994 921 703 802 452
226 288 420 436 686 137 952 279 316 687 818 778 497 118 113 64
434 635 921 370 419 684 25 84 697 826 432 958 791 285 68 880
631 137 995 97 710 825 349 426 221 217 186 342 590 495 672 37
700 717 743 545 294 248 729 360 85 309 596 468 732 53 722 616
463 878 675 116 111 788 377 170 582 263 132 929 653 767 127 738
694 573 419 849 719 980 18 454 508 656 855 469 568 118 84 891
525 68 436 755 914 466 674 928 412 273 898 851 945 355 790 726
233 36 803 834 301 551 606 654 845 739 945 410 220 288 923 523
719 349 854 783 774 996 26 467 298 312 250 923 744 685 654 379
612 249 657 19 369 25 116 440 456 279 738 704 792 299 525 214
893 136 33 8 300 441 200 677 69 987 326 930 50 804 461 959
0 436 268 662 579 931 459 875 38 771 635 274 251 816 555 789

